483807045284818944
483822040085168130
483834920507572224
483839354603708416
483862801405210624
483863131803111424
483867222524178432
483867387200958464
483868125184524289
483872555292696576
483883632751149059
483887104527978496
483897833075277824
483904380652240896
483919370096500736
483923838410182656
483930398679105537
483930860257701888
483931115561160705
483931928559489024
483940201421864960
483942159310008320
483942906235850753
483959090641522690
483965429560639488
483981216882778114
483982367631998976
483984585718788096
484017872868745217
484022370718720000
484066342233190400
484070406870278144
484073475284672513
484078887694241792
484083791518908418
484096711548104705
484202093666770944
484204847344779264
484220364579700736
484221802546462720
484228254044536832
484230436319555585
484230662799753216
484231742128025600
484233642613702656
484236014639017984
484241648281329666
484252463403655168
484252998839697409
484261963493425152
484272887587565570
484284802355310592
484288508170104832
484308585208623105
484315015642902529
484315790665986049
484322046156210176
484322694016811009
484348141974851587
484351110929346560
484357405606563840
484358903098925057
484361195499970561
484369650201792512
484374875188903936
484379958085955585
484380635109543936
484385793801461760
484407949389881344
484410695925374976
484414804103553024
484580736197226496
484590767416279040
484595548490854400
484601944988991488
484611397880262656
484615165519101952
484615700578050048
484619212304822272
484633239546765312
484647843144011776
484648286054150144
484674263447003136
484691843087863808
484694850718420993
484697527577358336
484719748756668417
484739203549638657
484744653863153664
484765119155798016
484769525397995520
484792128514842625
484800426018369536
484931704055156736
484940510750965760
484946239159820288
484951666647527424
484960665925595136
484978567835443200
484983933709598720
484984522824359936
484989227269373953
484998818728247296
484999153282338817
485015879017824256
485016866495410176
485020935112900608
485026929251475456
485034237494431744
485036953067610112
485045488849149952
485050837866397696
485051938820878336
485062616419930112
485083065513832448
485102623289122816
485109888486735873
485141171686359040
485144076124422144
485194633358901248
485269705792704512
485335521401765888
485350655071354880
485366424391528448
485373381336776704
485379739918807040
485380835919798272
485386609710616577
485387414832414721
485400838912098304
485446165442621441
485451399879475200
485455978511360000
485464697735368704
485483141046730752
485492040164077569
485492891662290944
485498368253100032
485506655426052097
485508272536166400
485674602040156160
485722576317345792
485769019568697344
485769692062445568
485790303165505536
485806131969679360
485832271531110400
485902279149903873
486012464824606720
486037098034888704
486058724474503168
486076100015972352
486111219921985536
486111420514201600
486121479244120064
486126339544457216
486138509892526080
486143924684476416
486147492589748224
486182180084011008
486189204536590336
486190375036387329
486194669744054272
486202200113565697
486214929507418113
486215366914609152
486219599126745089
486222490948362240
486223216080220160
486235647154593792
486243967735185408
486281120766763008
486354617546985472
486368010970869760
486374512447860736
486392839115247617
486392935769202688
486397524664532994
486399577289801728
486401414030032897
486415966352728064
486416610421661696
486421039707332608
486428696589651968
486446424755019776
486461569774022656
486472177156640768
486481348832821248
486489550638682114
486496916780638210
486504089329864704
486522880906502144
486528584975015936
486542122422505474
486548575313088513
486550292402823168
486558739789389824
486587334616305664
486593535119224832
486607815352782850
486608525288669184
486612967513804800
486622575565340674
486631414234771457
486641597510344704
486653236880109568
486732749978738688
486740208885309440
486743264058290177
486756482206408704
486758633880162304
486773934574927872
486801644626006016
486801649898229760
486804695055622144
486812962162614272
486824438361759744
486826668019818496
486842958659223552
486846792873832448
486857758881640448
486864596377272320
486868283040489472
486871640815316992
486903296649883648
486924363715715074
486933064640376833
486933840582443008
486938897893445633
486950252537081856
486960941800898561
486969989048446976
486982900223463424
487009588395655170
487111939047174145
487117415629983744
487117924965306368
487163867144146944
487164293884825601
487169271941050368
487169521766375424
487172984440766464
487184624867868672
487190043736276993
487193528489877504
487197210652999680
487200035763806208
487200361552564224
487210131885932544
487210834091716609
487216610688901120
487218578685300736
487218725113069568
487231115229663233
487231195428556800
487238949640101888
487242225231745024
487245727773757440
487248913808646144
487252862276100099
487275726140616704
487285281696280577
487306322799755265
487312654789513216
487315956382060544
487333014545129472
487354737382014976
487357132720074752
487457547394498560
487467895921070080
487473408762839040
487476246599979008
487480570704719872
487481399252123648
487489390529093632
487509988110524416
487512368406986754
487513820051808256
487528678528540674
487538381174628352
487540349808963585
487572483458215938
487582081720254464
487585839627927552
487631608061902848
487639924456574977
487653491137990656
487667660592013312
487669534141460480
487709635546447874
487720176130203648
487741196224061441
487759134033338368
487764646343245824
487839560702128129
487873479333933056
487874251534254081
487878326003175424
487879085486399488
487880602150899712
487887846246580224
487898290482970624
487908460478992384
487910109700710400
487953988424597504
487960174637088768
487964323193835521
487967394028347393
487978475374927873
487999114932535297
488002932542287873
488013947753476097
488028801931030529
488030126190239744
488040267069816832
488132341169025024
488203846389211136
488254820739203073
488266617118527488
488269415461715968
488320993531011074
488340889870565376
488343575894454273
488343790068174848
488345657556885504
488346142355509248
488346821727895552
488356242549510144
488383484000358400
488386178060546049
488396534006808576
488396715134025728
488397691333136384
488405931944722432
488411418983555072
488423923608866816
488440508671197184
488556421558984706
488577565922054144
488579937906196482
488598008632590336
488609640309981185
488625808202682371
488634877882146816
488639047053873152
488643978729123840
488647364820103168
488651786556047360
488661173454508032
488663898405748736
488673542548881408
488693379937894400
488695237099790337
488726660754051073
488730104479354880
488732178365554688
488740032753455104
488742753077981186
488772347835715584
488781621609635840
488799124813139968
488799233269841920
488827716008181760
488872266315628544
488910046219087872
488912820608577536
488922667421298688
488923844959563777
488925584597463041
488934787554365440
488970740390436864
488972701072392192
488978522652688386
488979062132838400
488984937081872384
488986333256220672
488987040424271874
488992281299415043
489000716157984769
489003491050811392
489023201322991616
489026015499255808
489082157022076928
489088799436439552
489097291198787584
489110769473437696
489132937779376128
489139289616576512
489185144994275329
489195832986841088
489244913133826049
489259150983974912
489288016620306432
489295071255465984
489302455948034048
489308770775093248
489309685900906496
489316528807247872
489329866727514112
489345935936618496
489362552267083776
489373563028520960
489374037039005698
489374625000730625
489381729514172418
489384944368893952
489385979963121664
489392671534764033
489394020431310849
489396642844790784
489404306756743168
489423599502372864
489448639043874816
489456731580555264
489462848826114048
489465526591041536
489478408934793216
489482082562113536
489491964312956928
489508795274371073
489513607982370816
489535743954804736
489555100567097344
489563368303239168
489645564758609920
489650947493097472
489659751936962560
489660958785036288
489663328612929537
489666511423152128
489684262333865985
489685313485561856
489689906558828544
489691630413549568
489701647309111296
489739824220213248
489746333977165825
489749516036210689
489763695208062978
489768438223474688
489770131602817025
489774051486093312
489775315997437952
489779445285531648
489793971930292224
489806970011283459
489827982434115584
489829771116027904
489833502037127168
489836897535946753
489862707068555264
489864997086822400
489871860428189696
489876228418310144
489890305068371969
490030841020829696
490033637094486017
490039729757642752
490058075844640768
490062187000791040
490077580754960385
490083434983727104
490092712197365760
490093918722490368
490094574337925120
490096866994835457
490125344591327232
490128740060762112
490134973178187776
490148997487931392
490151300063961088
490167260074770432
490170832061075456
490171445327060993
490173734578188288
490187503979495424
490190894822211585
490195089965084672
490228879513378816
490238782982352896
490406739875856384
490417175677894656
490429170812723200
490445774732292096
490448533451841536
490460268204679168
490463131748286464
490463237381443585
490470428595343360
490472586011103232
490497047510786048
490538653765341184
490541584077709312
490559380064976896
490567161027366912
490582640891031552
490584493204713472
490603163733348352
490616565063516160
490671345119035392
490793994285088768
490809552175386624
490817063595036673
490852444994560001
490893346416914433
490894867628040193
490895559805652992
490918914868916225
490952859542765568
490978003934269440
491100435521232896
491114976182947841
491123160876474368
491140894524194816
491169483814629376
491172972275970048
491177271227453440
491178646615638016
491184911244468224
491186434267967488
491229396976427008
491229820475285505
491233088178245632
491238509509099521
491253056261357568
491274322967674880
491286913433600001
491293861629919232
491301894057656320
491309763800481792
491313805285416961
491319203874754560
491324114909396993
491327530087895041
491450862942703617
491462943050330113
491479299438833664
491493300973891584
491504295993307136
491505499708620800
491510763899871232
491516296182263810
491534640864563200
491540599162408960
491550911026978816
491554141169135617
491555449033207808
491556446945808384
491559474688438272
491564178042527744
491565896142299138
491572052407513089
491583447987920896
491585800430039040
491595928915427328
491626021104259072
491630597409083392
491634306314682368
491638975811952640
491653914849452032
491684124122701824
491688577726939136
491732930558193664
491804017241366528
491810433267814401
491811339992846336
491817128463716352
491817653754163201
491837102925942784
491839465501896704
491849378575822848
491862569473544193
491864768937226240
491875439733141504
491876300848513025
491881186977787904
491908559500632064
491921715774365696
491945837636124672
491975083162755073
491977170730770432
491986468353880064
491993762705719297
491996562944696320
492003716203954177
492015903597277185
492047725689851905
492049316865794048
492139841476653056
492193995964305409
492205410019852288
492224522213662720
492239763605184514
492246107808739328
492254143386779648
492259933312651265
492270477256044544
492279863663788032
492287905306382337
492293856864378881
492297075619815424
492314762462498817
492315132895059968
492317535275352064
492329269654065152
492337999112175617
492339628708749313
492345511433994240
492356115980492802
492372500995526659
492396842454245377
492405360712769536
492419360800399361
492433753826795520
492492141315117056
492546635038461952
492560318975840256
492575293509365760
492582413998886912
492587127948214272
492596922859794432
492601640013144064
492611034763366400
492613032301047808
492638878030114816
492643194308292608
492645397236813824
492649522095722496
492653564041252865
492661754452000768
492712506503094272
492722168807976962
492896765717536769
492920711934013440
492934794511020032
492945071587618816
492951941618872320
493140060796354560
493290839729537024
493297934566686720
493300812789977088
493317370308747264
493320544306364417
493382245454209024
493385334542319616
493419853056049152
493443831367364610
493517964457410561
493595553658589185
493660048501903360
493662611226259456
493670006526201856
493686735851646976
493696044736081924
493698424340901888
493700819985121280
493714063189635072
493725239377788929
493745425275310080
493788735130324993
493795360574152706
493810105214054400
493816917522542593
493816953144741889
493834790685003776
493847379196772352
493916336490561537
494027879915991040
494061177551323136
494061307897729025
494080391972548609
494081832032665600
494108217341800449
494112285829242881
494119045130899456
494129096822382593
494145750939742208
494163330886807553
494205588398936064
494207930708033536
494220538798411776
494339102993821696
494351899739443201
494352954464292864
494354430125285376
494369998631354369
494373029770977280
494384787772424192
494392219759939584
494411459565453314
494414505678753793
494415730796789762
494418947005902849
494422304063901698
494439089760776192
494443341732671488
494444622085906432
494446176008417280
494462108772614144
494473651417538560
494477862171607041
494520313187942401
494522905313554432
494542108179853312
494556998416203777
494567738363215872
494733849192955904
494740063125639169
494743120316096515
494757343784370176
494765877355876353
494802439841656832
494814547249598465
494825160495865857
494838048769994752
494873996455055360
494884151615430657
494885084697468928
494886648480403458
494888673159020544
494906302246961153
494907104885735425
494919363221147650
494941836314943488
494961283830411264
494986405437644801
495084653393371136
495096994570850305
495104479159930880
495136887938764801
495160771643330562
495162621494956032
495179569209835520
495185250473869315
495192228730798080
495197835877298176
495200565417496577
495226323120685057
495266318535651330
495293179931807744
495296609811718144
495299714904891392
495336327676559360
495441298984550400
495464417081847808
495468600426110976
495481989189746688
495494673897897985
495503114771128320
495517333608083456
495517484817334272
495520801366351872
495521095278002176
495524430421184512
495550827910541312
495551024644763649
495560356497211392
495561437562302465
495563405353156608
495575613949095936
495584159213961216
495586446494167040
495604944808857600
495622082869604352
495624521714765824
495625450274971649
495626348962906112
495630592130568192
495641278974296065
495818463194402816
495826551338831872
495834180115505152
495843327217238016
495844658661294080
495850254814949377
495896202958102528
495901223514824704
495903840106209281
495906730551672832
495906947536027648
495915423771422720
495919899727110144
495921594900836352
495960302929051648
495968600641904642
495980391204130816
495982678282227713
496059877593473024
496168623652618240
496180963806703617
496188645897146368
496191604462346240
496192744461967361
496199237709729794
496207227502735361
496211035205144576
496212999019839488
496228092072185856
496231564347338753
496232851835478016
496242611997659136
496246966578208769
496251886702714880
496268367745908736
496280601813843968
496313490814955520
496324303659356160
496347087601426433
496349130289991681
496356103987675139
496368593890988032
496376579224633344
496394438558900224
496405516160360448
496405901280952321
496408194881945600
496513718411620354
496513796542717952
496522850031767552
496531205157060608
496536095249940480
496536248685961216
496538178266750976
496539130181222400
496561417676677121
496595432688988160
496601530003251203
496603163932098560
496607026542542848
496618850927276032
496626335356174336
496627887433601024
496646968010346496
496647324371009536
496655696914444289
496659811946491905
496660213118676992
496668416418529281
496678455560241153
496687076935729152
496690555594625025
496711471116877825
496713144539308032
496754246193512448
496765105909297152
496905120127270912
496914764598349824
496916097799839744
496916486363963393
496938087713230848
496992483868696576
497006733546360833
497015803586543617
497026388390449152
497049457968840704
497060355915661312
497076316928475136
497077385007616000
497097574403158016
497098733712977920
497114878038257666
497116334288031744
497167988378697728
497221433148575744
497277328590786561
497279308302671872
497291118820995072
497297340597018624
497300729900830720
497304811461541888
497307997589094400
497322143051698176
497332384027914240
497338179096412160
497343900064169984
497344228515905536
497348834469900288
497361192210276354
497370771996803073
497405988811862016
497408346299715585
497425626920652801
497425709779136512
497438740655382528
497442461380542464
497450911472439297
497481623927926784
497487695158214656
497501171708215297
497623441072078849
497624848680902657
497646835867987969
497654675844251649
497658215094833152
497661810774769664
497669946198216704
497672068062650368
497673689555431424
497675198230188032
497705347944284160
497705831341645826
497732807515328512
497739058731573248
497765789202931712
497776151637798912
497778508241047553
497790214518374400
497792199916920832
497797195408900096
497809000852119552
497816017058668544
497818704202432512
497823218145955840
497842322126561280
497843466546970624
497844567614705664
497893481545596928
497971447403270144
497971563245740033
497990579561586688
497997121023643649
497998944849657856
498015670865764352
498039666747379713
498040267921162240
498058585704636416
498100696097783809
498104730128629760
498136836855042048
498166874215944193
498320208092598276
498351183916847105
498352371143958529
498356395419246592
498358366251806721
498380016980602880
498383095851016192
498387562348957696
498411413371908096
498428820530397184
498429122541256704
498432239727017984
498455775678066689
498463451640258561
498467810176020480
498477020607950848
498498193269989376
498503430265397249
498507735344750593
498525200540250112
498530776321765376
498542323844657152
498558753881731072
498563890137952256
498571389600014336
498573808391827456
498708567818387456
498726586456506368
498771425977970689
498792381685039105
498808951970877441
498826880863465472
498827719254491136
498832069364301824
498840021622071296
498842999824998400
498889429457465345
498893805492248579
498927454300303360
499055299089944576
499067876473466881
499078719739559936
499079804902076417
499085647706333184
499090674453450753
499093043916447746
499110508902236160
499115417898860544
499115835244310528
499118196603895809
499119808735367168
499120464447692800
499125644048236545
499127858355109891
499133422237806592
499135282185134082
499138940302290944
499145426025467904
499153198498594816
499163012616318977
499163881223106560
499190914707771394
499193009963929601
499193281600053248
499220570853363713
499221720343920640
499229357512986626
499239575429345280
499242678316711936
499261165894402048
499272473448181760
499411153316241410
499416018528108545
499423061008207872
499438614749511680
499449896655536128
499455234201370624
499456001121460224
499456201227112448
499458686914281472
499462918602100736
499488407404281856
499491336031326208
499523194332913665
499528604724629505
499533347107115009
499549868721831938
499585587309850626
499605176106229760
499625449702817792
499642649742417920
499654350709325824
499833494361501696
499847456968802305
499865532079026176
499876043537534976
499900241999843328
499906055740997634
499910033547603968
499916615572791298
499955085171236867
499986056704720898
500018093968871424
500027241854545920
500047793944158208
500056765312937984
500181764677963776
500198300302069761
500204260991434753
500205587851124736
500233817534132224
500245940146421761
500248240566984705
500273122600177665
500274137831862273
500295857997373440
500324798241574915
500521632020971520
500529215842693121
500542452755750914
500562347560550400
500565314128465921
500576991054016513
500586216958742528
500613278767542272
500621280966488064
500626479353327616
500653965969592320
500665807651610625
500679764076544000
500685999903494144
500687709808394240
500704102817337345
500944812460507137
500958183871885313
501017183510880256
501055259091795968
501065947462246401
501088131219615746
501168582139445249
501249680894726144
501254693541404674
501277875455004672
501288918755467265
501292555116744705
501315102117621761
501324722542772224
501332582311923712
501338991908507649
501345283423612928
501350820831457281
501363643292717056
501400817165815808
501403762310017024
501417133952483328
501450369025974272
501455005732569088
501462237819588609
501466455855337475
501581757531955201
501609207909855232
501629523620679680
501650811508641792
501653746313474048
501676755136958465
501679177679257600
501706075108679680
501713773804019712
501714156794281984
501714983432884224
501718422418628608
501728238557614080
501735235403665408
501736840634720257
501752489243574273
501753286412992514
501754393553694721
501764293931831296
501804561934594048
501811039558983681
501820221758644224
501826054735282176
501834139411419136
501856426935873537
501943384143953920
501948440503255042
501953361886068737
501966561675329537
501967735061237761
501967829852094464
502038650075369472
502049874813415424
502053660906766336
502062502021054464
502073753594236928
502097338320445440
502102902958465025
502118814360678400
502148063834939392
502236056830607362
502322777186385920
502330347355648000
502345650835427328
502353509267025920
502361714025709568
502362684713873408
502367625238683648
502371674461708290
502379498277306368
502381463883747328
502392340351574016
502416835493785600
502435754153611264
502438126573195264
502446477193801728
502477748225732609
502489654500003840
502495585078095872
502497852380024832
502509851235205120
502660146892640256
502666600055459841
502714300105232384
502737393313538048
502749510192603136
502766752640417792
502788395710414848
502798333602439168
502800213669457920
502804508024381440
502809266915270656
502809640363499522
502815996374450176
502823784454565888
502851011812536322
502856277429473281
502858346303877120
502877416469970944
502902123525177344
502911007522439168
502971864050712576
502972455745355777
503060755608907776
503067245711724544
503089236824702976
503107740588580864
503124932524400640
503140329810186240
503178179280781313
503180541408325634
503225760795361280
503253241858375681
503253583144304640
503261400358481920
503298428412387328
503406338785808384
503460965598638083
503461063577591808
503479161059807232
503515615361900544
503525911103553536
503533664861683713
503535569939349504
503555999102664704
503564907221360640
503579485233770496
503594905680502784
503597580375560194
503618586200403968
503652279447068672
503655575121854464
503738551780270082
503753652373577728
503797436549464064
503801596493697025
503804714241110016
503808538624655361
503829239184252928
503830909598965760
503837648624963584
503840472151126016
503848893311119360
503854778527387648
503907918711119874
503911834177400832
503924516872290304
503926407970316288
503930444539105280
503938382251433984
503938769519902720
503946056649146368
503973996933550081
503977101478068224
504013461316071425
504056901886570496
504159433786552320
504179486859214848
504207522933526528
504220728464404480
504244636131418113
504282497656434688
504294379989643264
504298127114117122
504308592900464640
504322702531112960
504325547368153089
504327950054199297
504354986084810753
504367699212767232
504368969227456512
504379764765765632
504484625084088320
504506080698064896
504506087421542400
504514120155029504
504524355351482369
504534514371006464
504571407230324736
504585607914336256
504585945002541057
504586030968631296
504607465556946946
504614484926009344
504622257726312448
504628793911574528
504634012820713472
504636673368809472
504674712731922432
504691391528964097
504691982552158208
504701459699486720
504748331646476289
504750562853011456
504846413654552576
504863232260333568
504864765001605121
504870428649611264
504870605565726720
504875370797998081
504882047551160320
504917014281191424
504918358677286912
504922535226388481
504938321295204353
504946626465521664
504979477844467712
504982219694170113
504983022374907904
504984194205110273
505021776955322368
505023278809755648
505026394666336256
505027429531127808
505049246236966912
505057467944808448
505061013268758529
505230196773883904
505232670603739137
505238170427195393
505250778869940224
505253903395721216
505257289243033600
505257430344015872
505262084393676800
505265090732376064
505267444165124096
505276657775939584
505284130666725376
505284379934199809
505286251038392320
505286626155986944
505303223180464130
505330591848337408
505340342024273921
505340346172473344
505341018150281216
505361745939300352
505372650470789120
505380335325290496
505415107657347072
505416307555069952
505424856897568768
505426240128286720
505452664113856512
505459120720592896
505470861827395584
505492133621825538
505505193040285696
505505202569740290
505517983523807233
505533280712523776
505569530786373632
505588951801802753
505612080985018368
505624034013220864
505625021708910592
505633837817540608
505635938027204608
505658814600077313
505673579225042944
505678241634320384
505683220185501696
505706098335428609
505717124552470528
505723346852401152
505801138797424640
505803616070823937
505812908971159552
505846031683452928
505849870721089536
505981063546417152
505988541638123520
505994369338335233
505995755241226240
506007745934286848
506016054922199040
506021751613304832
506040928478715904
506072692479787008
506075061250703360
506075097593954305
506105795293888512
506119456289214464
506134536301056000
506135597904584705
506157269491261440
506329956951941120
506351881376235521
506369378972344320
506374465903943680
506376266946469888
506388867055099904
506392969076043776
506402999993126912
506411461829472257
506415559987445761
506416172318093313
506429982336626689
506437618033504256
506452489965957121
506468494251421697
506470200175104000
506472114250317824
506501756281688064
506502010217455616
506504832698417152
506506029899988994
506516666864644096
506556096283410434
506580016314855424
506590313297625088
